Please enter the lowest student number in your group: 
95785 


Units for the values: V, mA, kOhm and mS


Values:  R1 = 1.03431507833 
R2 = 2.02853090731 
R3 = 3.1462050633 
R4 = 4.03438547455 
R5 = 3.12170042214 
R6 = 2.07116379646 
R7 = 1.01597753093 
Vs = 5.156959346 
C = 1.01455683569 
Kb = 7.1497941196 
Kc = 8.12593642585
