I =

  -2.440917089113763e-04
  -2.554476012603903e-04
   9.804366878292505e-04

octaveI_TAB
IA =   -2.440917089113763e-04
IB =   -2.554476012603903e-04
IC =    9.804366878292505e-04
ID =    1.014556835690000e-03
Ib =   -2.554476012603903e-04
Ic =    9.804366878292505e-04
Vb =   -3.572796600675846e-02
Vc =    7.966966194871432e+00
octaveI_END
octavev_TAB
V0 =    0.000000000000000e+00
V1 =    2.524677350223614e-01
V2 =   -5.181833543549311e-01
V3 =    3.572796600676043e-02
V4 =   -4.904491610977638e+00
V5 =    4.000301352954461e+00
V6 =   -6.935136583530744e+00
V7 =   -7.931238228864696e+00
Vb =   -3.572796600676043e-02
Ib =   -2.554476012604044e-04
Vc =    7.966966194871456e+00
Ic =    9.804366878292535e-04
octavev_END
